0.0231911 1
0.0274725 1
0.0677966 0.96
0.0403226 1
0.0241546 1
0.0462963 1
0.0490196 1
0.021815 1
0.026455 1
0.0269978 1
0.0774411 0.92
0.0280584 1
0.0411862 1
0.0257202 1
0.0519481 0.96
0.0372024 1
0.0536913 0.96
0.0516129 0.96
0.0413223 1
0.0244618 1
0.047619 1
0.0581114 0.96
0.0369822 1
0.0511727 0.96
0.0221631 1
0.0225836 1
0.0506073 1
0.0254324 1
0.0220264 1
0.0273224 1
0.041876 1
0.0205592 1
0.0995261 0.84
0.020938 1
0.0284414 1
0.0301568 1
0.037037 1
0.0289352 1
0.0266241 1
0.0404531 1
0.0601504 0.96
0.0426621 1
0.0214592 1
0.0560748 0.96
0.0441696 1
0.0496894 0.96
0.0532151 0.96
0.0459559 1
0.0247036 1
0.0290698 1
0.0493097 1
0.0320924 1
0.0376506 1
0.0251004 1
0.0333333 1
0.0293772 1
0.0231267 1
0.0297974 1
0.0249004 1
0.0330251 1
0.0659341 0.96
0.0460405 1
0.0312891 1
0.0219877 1
0.0229568 1
0.031211 1
0.0295858 1
0.073955 0.92
0.0594059 0.96
0.0282167 1
0.023084 1
0.0343879 1
0.0223814 1
0.0239693 1
0.0225023 1
0.0233209 1
0.0377074 1
0.118644 0.84
0.0398724 1
0.0351617 1
0.0538117 0.96
0.0372578 1
0.0743243 0.88
0.0628272 0.96
0.0425894 1
0.0439367 1
0.0228102 1
0.0431779 1
0.0283126 1
0.033557 1
0.0204415 1
0.0522876 0.96
0.0262329 1
0.0263158 1
0.266667 0.8
0.62069 0.72
1 0.28
0.909091 0.4
0.395833 0.76
0.338983 0.8
0.0401929 1
0.0429553 1
0.0355619 1
0.0296912 1
0.0234962 1
0.0269107 1
0.036075 1
0.0756014 0.88
0.0226244 1
0.0597015 0.96
0.0331126 1
0.0336927 1
0.0309406 1
0.0510638 0.96
0.212766 0.8
0.0633245 0.96
0.0315259 1
0.0469925 1
0.0236072 1
0.0239464 1
0.37037 0.8
0.0609137 0.96
0.138889 0.8
0.084 0.84
0.13245 0.8
0.0493827 0.96
0.0287026 1
0.100962 0.84
0.0789474 0.84
0.0589681 0.96
0.0732484 0.92
0.0209732 1
0.0364963 1
0.0488281 1
0.122699 0.8
0.0397456 1
0.0771812 0.92
0.0448029 1
0.11413 0.84
0.0338295 1
0.0867769 0.84
0.0430293 1
0.0390625 1
0.0262605 1
0.809524 0.68
0.277778 0.8
0.0486381 1
0.0354108 1
0.0380518 1
0.0293083 1
0.0566038 0.96
0.0255885 1
0.0549199 0.96
0.0475285 1
0.047081 1
0.0623377 0.96
0.030525 1
0.021777 1
0.0239923 1
0.0492126 1
0.0338753 1
0.0626632 0.96
0.0496032 1
0.0487329 1
0.0217391 1
0.0242014 1
0.0746753 0.92
0.0606061 0.96
0.0360231 1
0.0517241 0.96
0.0645161 0.96
0.0437828 1
0.0325945 1
0.0502092 0.96
0.0304878 1
0.0655738 0.96
0.475 0.76
0.037594 1
0.0447227 1
0.0901288 0.84
0.227273 0.8
0.333333 0.8
0.0950226 0.84
0.0798479 0.84
0.0451264 1
0.0967742 0.84
0.04363 1
0.0693642 0.96
0.042735 1
0.030303 1
1 0.32
0.0388199 1
0.0503145 0.96
0.143885 0.8
0.0817121 0.84
0.0249501 1
0.0317662 1
0.0212947 1
0.0864198 0.84
0.0725076 0.96
0.0489796 0.96
0.0246063 1
0.0281215 1
0.0875 0.84
0.0513919 0.96
0.0415282 1
0.0672269 0.96
0.0345781 1
0.029274 1
0.0279642 1
0.0207297 1
0.0591133 0.96
0.0368732 1
0.110526 0.84
0.0889831 0.84
0.130719 0.8
0.0598504 0.96
0.0359195 1
0.0540541 0.96
0.0377644 1
0.44186 0.76
0.0893617 0.84
0.0303398 1
0.15625 0.8
0.0326797 1
0.0751634 0.92
0.101449 0.84
0.102941 0.84
0.125786 0.8
0.05074 0.96
0.3125 0.8
0.0368189 1
0.0477099 1
0.0396825 1
0.0229991 1
0.0592593 0.96
0.0233863 1
0.0687679 0.96
0.0774908 0.84
0.0386399 1
0.0367107 1
0.0322997 1
0.045045 1
0.0857143 0.84
0.0271739 1
0.0242718 1
0.0248756 1
0.0423012 1
0.0603015 0.96
0.071875 0.92
0.056338 0.96
0.0336022 1
0.0465549 1
0.034626 1
0.0206954 1
0.092511 0.84
0.041806 1
0.0917031 0.84
0.273973 0.8
0.109375 0.84
0.196078 0.8
0.0985916 0.84
0.0740741 0.96
0.140845 0.8
0.294118 0.8
0.0754098 0.92
0.0348675 1
0.0783582 0.84
0.0744337 0.92
0.0990566 0.84
0.545455 0.72
0.322581 0.8
0.772727 0.68
0.0502008 1
0.882353 0.6
0.0679887 0.96
0.0375375 1
0.0582524 0.96
0.0265393 1
0.842105 0.64
0.0269397 1
0.0342936 1
0.0300481 1
0.0325098 1
0.0213493 1
0.0542986 0.96
0.0616967 0.96
0.0795455 0.84
0.0357143 1
0.0269687 1
0.0745763 0.88
0.0353107 1
0.0574163 0.96
0.0712166 0.96
0.0792453 0.84
0.077193 0.88
0.05 0.96
0.0246548 1
0.114754 0.84
0.0697674 0.96
0.0389408 1
0.0309789 1
0.0307882 1
0.0262881 1
0.0248016 1
0.0273523 1
0.0263713 1
0.0336474 1
0.0722892 0.96
0.0214408 1
0.0318878 1
0.0282486 1
0.029976 1
0.0578313 0.96
0.0636605 0.96
0.0205255 1
0.0674157 0.96
0.0210084 1
0.0257998 1
0.0341064 1
0.050505 1
0.0265111 1
0.0387597 1
0.0307125 1
0.0410509 1
0.0384615 1
0.0316456 1
0.0882353 0.84
0.073718 0.92
0.0705882 0.96
0.024558 1
0.0909091 0.84
0.0309023 1
0.175439 0.8
0.253165 0.8
0.0458716 1
0.0529801 0.96
0.0365497 1
0.0648649 0.96
0.0245339 1
0.19802 0.8
0.0766667 0.92
0.0823529 0.84
0.022748 1
0.0282805 1
0.0240848 1
0.0230415 1
0.0481696 1
0.0210793 1
0.029036 1
0.049505 1
0.0313283 1
0.083004 0.84
0.0394322 1
0.0304507 1
0.0718563 0.96
0.0525164 0.96
0.0209556 1
0.119048 0.8
0.0259605 1
0.0570071 0.96
0.0631579 0.96
0.0383436 1
0.0271444 1
1 0.24
0.0298686 1
0.0379939 1
0.0272926 1
0.0315657 1
0.0238095 1
0.0210261 1
0.0214961 1
0.0222618 1
0.0294811 1
0.0263992 1
0.0559441 0.96
0.0235627 1
0.0396197 1
0.0216263 1
0.024728 1
0.0212224 1
0.0252016 1
0.0227894 1
0.050813 1
0.0454545 1
0.0586797 0.96
0.0452899 1
0.0670391 0.96
0.0386997 1
0.210526 0.8
0.0308261 1
0.0571429 0.96
0.0285388 1
0.0252525 1
0.0366032 1
0.0786517 0.84
0.0473485 1
0.25974 0.8
0.042517 1
0.0346741 1
0.0583942 0.96
0.0494845 0.96
0.035868 1
0.0638298 0.96
0.0223015 1
0.0615385 0.96
0.044964 1
0.0252781 1
0.0464684 1
0.0276855 1
0.021645 1
0.0254582 1
0.0260146 1
0.0471698 1
0.027115 1
0.0508475 0.96
0.0316857 1
0.0807692 0.84
0.0323834 1
0.0349162 1
0.0228519 1
0.0707965 0.96
0.0279018 1
0.0758621 0.88
0.0551724 0.96
0.21978 0.8
0.0741935 0.92
0.0555556 0.96
0.0539326 0.96
0.25 0.8
0.0595534 0.96
0.0652174 0.96
0.0243427 1
0.0721003 0.92
0.0612245 0.96
0.206186 0.8
0.222222 0.8
0.103448 0.84
0.0310174 1
0.0440917 1
0.0339674 1
0.0641711 0.96
0.0958904 0.84
0.0358166 1
0.0357654 1
0.0229779 1
0.9375 0.6
0.0297265 1
0.0307503 1
0.0297619 1
0.0242248 1
0.0215146 1
0.0205423 1
0.0226449 1
0.0332889 1
0.0219684 1
0.0259875 1
0.0240385 1
0.0259336 1
0.0236295 1
0.0253293 1
0.0413907 1
0.0482625 1
0.0322165 1
0.0384025 1
0.04 1
0.0409836 1
0.0417362 1
0.0941704 0.84
0.0504032 1
0.0428816 1
0.0308642 1
0.0381098 1
0.0232775 1
0.045208 1
0.0311721 1
0.0509554 0.96
0.0236967 1
0.0264271 1
0.0408497 1
0.025641 1
0.0251762 1
0.0222816 1
0.0344828 1
0.0236742 1
0.057554 0.96
0.0432526 1
0.0339213 1
0.0393701 1
0.0335121 1
0.039185 1
0.0420875 1
0.0314861 1
0.0274424 1
0.0306373 1
0.0550459 0.96
0.0331565 1
0.0382848 1
0.029656 1
0.0225225 1
0.026738 1
0.0334672 1
0.0231481 1
0.0266809 1
0.026096 1
0.0305998 1
0.0327654 1
0.0422297 1
0.0445633 1
0.0225428 1
0.0295508 1
0.0284738 1
0.0285063 1
0.0385802 1
0.0419463 1
0.0206271 1
0.0727273 0.96
0.0474383 1
0.153846 0.8
0.0291036 1
0.0492813 0.96
0.0311332 1
0.0224014 1
0.0211685 1
0.0215889 1
0.0213129 1
0.0209205 1
0.020475 1
0.0208507 1
0.0205931 1
0.0208681 1
0.0258799 1
0.0211506 1
0.0216826 1
0.0236518 1
0.0207125 1
0.022482 1
0.0238777 1
0.0246305 1
0.0260688 1
0.0294118 1
0.125 0.8
0.0235849 1
0.0378788 1
0.0254065 1
0.0326371 1
0.0286041 1
0.0328515 1
0.0503018 1
0.0243902 1
0.027027 1
0.111702 0.84
0.0749186 0.92
0.0283768 1
0.0251256 1
0.0273823 1
0.0288351 1
0.0209908 1
0.0348189 1
0.558824 0.76
0.0272331 1
0.0328084 1
0.0629921 0.96
0.0801527 0.84
0.0777778 0.84
0.38 0.76
0.0871369 0.84
0.102439 0.84
0.044484 1
0.0662983 0.96
0.0218531 1
0.0620155 0.96
0.0554273 0.96
0.580645 0.72
0.0330688 1
0.0263435 1
0.0285714 1
0.0213858 1
0.0685714 0.96
0.0356633 1
0.0322581 1
0.0515021 0.96
0.0364431 1
0.0530973 0.96
0.0343407 1
0.108247 0.84
0.107143 0.84
0.0836653 0.84
0.025025 1
0.13986 0.8
0.0498961 0.96
0.129032 0.8
0.232558 0.8
0.0736196 0.96
0.0337382 1
0.0689655 0.96
0.0455373 1
0.0457875 1
0.0753425 0.88
0.0572792 0.96
0.73913 0.68
0.120482 0.8
0.056872 0.96
0.0756579 0.92
0.0232342 1
0.0224618 1
0.404255 0.76
0.136054 0.8
0.327869 0.8
0.0324254 1
0.0238322 1
0.0507099 1
0.020816 1
0.0860656 0.84
0.0212044 1
0.0405186 1
0.0729483 0.96
0.0217014 1
0.0440141 1
0.0231696 1
0.0420168 1
0.238095 0.8
0.106599 0.84
0.0212766 1
0.0506329 0.96
0.0220848 1
0.0738462 0.96
0.172414 0.8
0.0320102 1
0.022686 1
0.0509165 1
0.0392465 1
0.0791367 0.88
0.0763889 0.88
0.452381 0.76
0.0534521 0.96
0.0453721 1
0.0491159 1
0.0255624 1
0.0258264 1
0.387755 0.76
0.105 0.84
0.0442478 1
0.0304136 1
0.0316056 1
0.0268817 1
0.0223414 1
0.15873 0.8
0.0222222 1
0.0270563 1
0.0310945 1
0.0211149 1
0.0462107 1
0.0249252 1
0.0794224 0.88
0.131579 0.8
0.0275634 1
0.0210438 1
0.16 0.8
0.0310559 1
0.0381679 1
0.0391236 1
0.0333778 1
0.0277469 1
0.031407 1
0.163934 0.8
0.0221828 1
0.0448833 1
0.0254842 1
0.0403877 1
0.0610687 0.96
0.0230627 1
0.0217202 1
0.107692 0.84
0.0347222 1
0.0221043 1
0.0206441 1
0.024777 1
0.0210615 1
0.0211327 1
0.0356125 1
0.0237869 1
0.0218341 1
0.024975 1
0.0225632 1
0.0229148 1
0.0234082 1
0.0497925 0.96
0.0759076 0.92
0.0275938 1
0.0208333 1
0.0401284 1
0.0211864 1
0.0785714 0.88
0.0479846 1
0.0272628 1
0.0207987 1
0.0743034 0.96
0.2 0.8
0.0731707 0.96
0.0520607 0.96
0.116959 0.8
0.148148 0.8
0.0797101 0.88
0.0248262 1
0.0463822 1
0.0268528 1
0.0382263 1
0.0301932 1
0.0341997 1
0.0484496 1
0.0204583 1
0.127389 0.8
0.0207814 1
0.0257732 1
0.0300842 1
0.022604 1
0.0499002 1
0.0204918 1
0.0241779 1
0.0276549 1
0.0289017 1
0.020903 1
0.176991 0.8
0.0212404 1
0.0423729 1
0.0402576 1
0.037092 1
0.0270856 1
0.0668524 0.96
0.076412 0.92
0.173913 0.8
0.0528634 0.96
0.263158 0.8
0.0240154 1
0.0257467 1
0.111111 0.84
0.0340599 1
0.0361794 1
0.0291715 1
0.0373134 1
0.0564706 0.96
0.0206101 1
0.0613811 0.96
0.0218914 1
0.0267094 1
0.0260417 1
0.021758 1
0.0264831 1
0.0250501 1
0.0390016 1
0.0714286 0.92
0.0332447 1
0.0216638 1
0.0727848 0.92
0.0222025 1
0.229885 0.8
0.0567376 0.96
0.0653951 0.96
0.0239006 1
0.692308 0.72
0.109948 0.84
0.0769231 0.88
0.192308 0.8
0.0352113 1
0.0204248 1
0.344828 0.8
0.0725552 0.92
0.133333 0.8
0.0287687 1
0.0275028 1
0.0362319 1
0.0233427 1
0.68 0.68
0.0214777 1
0.0337838 1
0.0266525 1
0.0237192 1
0.0945946 0.84
0.0259067 1
0.0362845 1
0.0733945 0.96
0.0826772 0.84
0.0214225 1
0.31746 0.8
0.0278396 1
0.208333 0.8
0.117318 0.84
0.0833333 0.84
0.0219106 1
0.246914 0.8
0.055814 0.96
0.0954545 0.84
0.0972222 0.84
0.0428082 1
0.5 0.76
0.0320513 1
0.463415 0.76
0.12987 0.8
0.11976 0.8
0.0710059 0.96
0.0227687 1
0.0897436 0.84
0.0286369 1
0.0661157 0.96
0.0604534 0.96
0.0251509 1
0.0657534 0.96
0.0438596 1
0.072327 0.92
0.0820312 0.84
0.118343 0.8
0.022242 1
0.119318 0.84
0.0414594 1
0.217391 0.8
0.413043 0.76
0.0878661 0.84
0.0318066 1
0.112903 0.84
1 0.36
0.0400641 1
0.0221435 1
0.116279 0.8
0.0424448 1
0.0720721 0.96
0.0234522 1
0.0562061 0.96
0.0327225 1
0.0243665 1
0.0933333 0.84
0.0256674 1
0.0431034 1
0.0437063 1
0.026824 1
0.0813954 0.84
0.0267953 1
0.034153 1
0.0288018 1
0.0782918 0.88
0.0214041 1
0.0714286 0.96
0.0231054 1
0.121212 0.8
0.0780142 0.88
0.126582 0.8
0.025355 1
0.124224 0.8
0.0501002 1
0.0350631 1
0.0804598 0.84
0.0457038 1
0.0456204 1
0.0321337 1
0.0265675 1
0.0319285 1
0.0237643 1
0.933333 0.56
0.0345304 1
0.0318471 1
0.0433276 1
0.0229358 1
0.044405 1
0.0235183 1
0.186916 0.8
0.513514 0.76
0.0750853 0.88
0.0206612 1
0.363636 0.8
0.0224215 1
0.145985 0.8
0.115607 0.8
0.0666667 0.96
0.0294464 1
0.0405844 1
0.0244379 1
0.15748 0.8
0.0766551 0.88
0.0576923 0.96
0.0244141 1
0.0298329 1
0.0283447 1
0.0205761 1
0.08 0.88
0.0220459 1
0.024108 1
0.022007 1
0.0213311 1
0.0277778 1
0.0221239 1
0.0355114 1
0.040783 1
0.0281849 1
0.0204082 1
0.0929204 0.84
0.0220653 1
0.18018 0.8
0.09375 0.84
0.0416667 1
0.0232558 1
0.12 0.84
0.025 1
0.0265957 1
0.0286697 1
0.0288684 1
0.0319693 1
0.0242954 1
0.0267666 1
0.0634921 0.96
0.0233645 1
0.080292 0.88
0.116022 0.84
0.0262055 1
0.0545455 0.96
0.0228311 1
0.0526316 0.96
0.0352609 1
0.100478 0.84
0.0306748 1
0.0547945 0.96
0.0241313 1
0.064 0.96
0.035461 1
0.0527473 0.96
0.121951 0.8
0.0205086 1
0.0237417 1
0.0216076 1
0.0277162 1
0.0227273 1
0.0342466 1
0.0246792 1
0.0234742 1
0.0223614 1
0.0324675 1
0.0305623 1
0.0208855 1
0.0281532 1
0.021097 1
0.0228938 1
0.0223214 1
0.0292056 1
0.0230203 1
0.0292398 1
0.0232992 1
0.0255102 1
0.023855 1
0.0215517 1
0.0378215 1
0.377358 0.8
0.162602 0.8
0.0461255 1
0.0446429 1
0.0497018 1
0.0207641 1
0.152672 0.8
0.0215332 1
0.108808 0.84
0.0480769 1
0.0235405 1
0.0730159 0.92
0.0374813 1
0.243902 0.8
0.833333 0.6
0.0681818 0.96
0.0206782 1
0.666667 0.72
0.0317259 1
0.136986 0.8
0.289855 0.8
0.0701754 0.96
0.0247525 1
0.0261506 1
0.025227 1
0.0274123 1
0.0228728 1
0.0219491 1
0.0287356 1
0.0219298 1
0.0556845 0.96
0.0443262 1
0.0495868 0.96
0.0976744 0.84
0.0374251 1
0.0853659 0.84
0.0546697 0.96
0.0359712 1
0.0224417 1
0.0843373 0.84
0.0302297 1
0.0774648 0.88
0.0415973 1
0.0284091 1
0.0353607 1
0.923077 0.48
0.0921053 0.84
0.0761246 0.88
0.0256937 1
0.116667 0.84
0.0295159 1
0.204082 0.8
0.0850202 0.84
0.0276243 1
0.039557 1
0.0314465 1
0.0328947 1
0.0769231 0.92
0.141844 0.8
0.0218723 1
0.0716418 0.96
0.0234302 1
0.1 0.84
0.0494071 1
0.0302663 1
0.0253036 1
0.9 0.36
0.642857 0.72
0.0332005 1
0.0303767 1
0.0478011 1
0.0683761 0.96
0.285714 0.8
0.0301205 1
0.0245821 1
0.168067 0.8
0.0524017 0.96
0.0846774 0.84
0.155039 0.8
0.0240616 1
0.0434028 1
0.0313676 1
0.057971 0.96
0.0489237 1
0.046729 1
0.0347705 1
1 0.12
0.372549 0.76
0.035014 1
0.365385 0.76
0.0695652 0.96
0.105528 0.84
0.0373692 1
0.115385 0.84
0.149254 0.8
0.0780669 0.84
0.104478 0.84
0.0981308 0.84
0.0393082 1
0.0734824 0.92
0.0434783 1
0.0505263 0.96
0.0716511 0.92
0.0518359 0.96
0.0399361 1
0.487179 0.76
0.03125 1
0.350877 0.8
0.0469043 1
0.0329381 1
0.0293427 1
0.0504202 0.96
0.0272035 1
0.0280899 1
0.043554 1
0.0618557 0.96
0.0421585 1
0.0363901 1
0.0466418 1
0.0521739 0.96
0.0544218 0.96
0.0239234 1
0.0385208 1
0.0207469 1
1 0.04
0.27027 0.8
0.0913043 0.84
0.0242483 1
0.05 1
0.030012 1
0.0250752 1
0.0279955 1
0.194175 0.8
0.128205 0.8
0.0212585 1
0.06 0.96
0.0255363 1
0.0227066 1
0.0215703 1
0.0280269 1
0.0261233 1
0.0886076 0.84
0.0810811 0.84
0.021796 1
0.0625 0.96
0.0533333 0.96
0.0650406 0.96
0.298507 0.8
0.147059 0.8
0.0243191 1
0.357143 0.8
0.0291375 1
0.06469 0.96
0.235294 0.8
0.0805861 0.88
0.0394945 1
0.527778 0.76
0.215054 0.8
0.0299043 1
0.0371471 1
0.0676056 0.96
0.0398089 1
0.0691643 0.96
0.135135 0.8
0.117978 0.84
0.0289687 1
0.0367647 1
0.0278707 1
0.0278087 1
0.0226655 1
0.0344353 1
1 0.16
0.0409165 1
0.0552995 0.96
0.10396 0.84
0.190476 0.8
0.165289 0.8
0.20202 0.8
0.166667 0.8
0.113514 0.84
0.0963303 0.84
0.0363372 1
0.114943 0.8
0.240964 0.8
0.431818 0.76
0.0323415 1
0.181818 0.8
0.134228 0.8
0.151515 0.8
0.5625 0.72
0.0777385 0.88
0.0699708 0.96
0.112299 0.84
0.150376 0.8
0.0585366 0.96
0.078853 0.88
0.0512821 0.96
0.224719 0.8
0.0808824 0.88
0.0299401 1
0.0498008 1
0.0296209 1
0.0290023 1
0.026178 1
0.0244858 1
0.0468165 1
0.034965 1
0.027533 1
0.0411184 1
0.0407166 1
0.032175 1
0.0366569 1
0.106061 0.84
0.123457 0.8
0.0761589 0.92
0.066482 0.96
0.0340136 1
0.0491803 0.96
0.0334225 1
0.047259 1
0.0588235 0.96
0.928571 0.52
0.0412541 1
0.25641 0.8
0.708333 0.68
0.0361272 1
0.0905172 0.84
0.0351124 1
0.0621762 0.96
0.0703812 0.96
0.0388802 1
0.188679 0.8
0.185185 0.8
0.117647 0.8
0.101942 0.84
0.178571 0.8
0.0490798 0.96
0.17094 0.8
0.142857 0.8
0.027933 1
0.85 0.68
0.0541761 0.96
0.307692 0.8
0.0607595 0.96
0.422222 0.76
0.28169 0.8
0.30303 0.8
0.0501044 0.96
0.16129 0.8
0.0483559 1
0.0535714 0.96
0.0485437 1
0.0643432 0.96
0.0369276 1
0.0406504 1
0.0258532 1
1 0.2
0.0256148 1
0.0253807 1
0.0248509 1
0.0213675 1
0.0379363 1
0.916667 0.44
0.144928 0.8
0.183486 0.8
0.0748299 0.88
0.0325521 1
0.0329815 1
0.0245098 1
0.0232126 1
0.169492 0.8
0.137931 0.8
0.0478927 1
1 0.08
0.6 0.72
0.542857 0.76
